A: 0.190277
B: 0.0954386
C: 0.148268
D: 0.171204
E: 0.129194
F: 0.120589
G: 0.145029
